2020534 yyyy-MM-dd
2416208 yyyy-MM-dd
3199016 yyyy-MM-dd
1446402 yyyy-MM-dd
4272667 yyyy-MM-dd
2734415 yyyy-MM-dd
2416648 yyyy-MM-dd
4043370 -yyyy-MM-dd
4159578 yyyy-MM-dd
2896921 yyyy-MM-dd
3972945 -yyyy-MM-dd
4764322 yyyy-MM-dd
1473856 yyyy-MM-dd
1618545 -yyyy-MM-dd
4400156 yyyy-MM-dd
2132147 -yyyy-MM-dd
1290376 -yyyy-MM-dd
2223555 yyyy-MM-dd
3134404 -yyyy-MM-dd
2258830 -yyyy-MM-dd
3023275 yyyy-MM-dd
4033629 -yyyy-MM-dd
2960983 -yyyy-MM-dd
1581897 yyyy-MM-dd
2761792 yyyy-MM-dd
2946924 -yyyy-MM-dd
3488169 -yyyy-MM-dd
2416253 -yyyy-MM-dd
3702373 -yyyy-MM-dd
3173542 yyyy-MM-dd
2496259 yyyy-MM-dd
3868285 -yyyy-MM-dd
4688169 -yyyy-MM-dd
1062584 yyyy-MM-dd
3600757 yyyy-MM-dd
2190408 yyyy-MM-dd
3680746 yyyy-MM-dd
2118150 -yyyy-MM-dd
2083298 -yyyy-MM-dd
4658969 yyyy-MM-dd
4669550 yyyy-MM-dd
4108241 -yyyy-MM-dd
4299308 yyyy-MM-dd
2373593 yyyy-MM-dd
1720477 yyyy-MM-dd
3380452 yyyy-MM-dd
3677994 yyyy-MM-dd
3552479 yyyy-MM-dd
2020534 1,71
2416208 2,71
3199016 1,71
1446402 0,71
4272667 2,71
2734415 0,71
2416648 0,71
4043370 -0,29
4159578 1,71
2896921 0,71
3972945 -0,3
4764322 0,7
1473856 2,7
1618545 -0,3
4400156 0,7
2132147 -1,3
1290376 -1,3
2223555 0,7
3134404 -25,3
2258830 -0,3
3023275 2,7
4033629 -1,3
2960983 -0,3
1581897 0,69
2761792 1,69
2946924 -1,31
3488169 -1,31
2416253 -1,31
3702373 -0,31
3173542 1,69
2496259 2,69
3868285 -1,31
4688169 -0,31
1062584 1,69
3600757 0,69
2190408 0,69
3680746 0,69
2118150 -1,31
2083298 -1,31
4658969 0,69
4669550 1,69
4108241 -0,31
4299308 0,68
2373593 2,68
1720477 1,68
3380452 0,68
3677994 0,68
3552479 0,68
